72
5
7
69
87
23
3
36
81
89
46
62
13
7
6
74
90
92
36
25
99
2
84
74
94
90
61
75
78
68
76
36
88
11
84
5
98
6
82
14
45
78
45
72
4
94
2
68
83
14
80
86
78
2
63
39
2
9
28
46
55
100
68
75
26
38
57
49
91
37
94
71
83
12
26
70
41
86
90
62
49
88
26
79
69
96
46
5
7
96
49
91
64
20
83
4
38
10
60
47
29
86
11
97
61
80
69
11
79
13
18
85
32
89
98
96
76
74
41
80
11
76
63
61
70
15
75
38
94
14
48
22
88
70
32
4
71
35
13
39
10
9
85
78
97
48
23
7
59
9
45
3
2
86
68
63
78
10
62
9
63
72
11
95
77
97
98
86
99
23
57
48
9
70
77
13
15
83
11
29
58
60
77
52
93
60
70
4
44
56
36
18
8
84
26
44
95
98
64
69
47
53
96
84
63
6
57
6
84
47
79
92
5
99
82
91
72
63
91
86
91
22
50
80
47
14
86
20
94
3
13
28
94
89
56
36
94
76
22
68
78
35
40
57
82
6
59
41
53
48
39
62
94
2
27
93
82
3
60
27
85
2
87
38
26
76
29
85
16
73
90
49
1
36
98
64
67
39
18
86
17
71
15
69
3
78
24
4
6
55
18
6
20
67
26
96
93
25
63
83
71
79
41
31
73
42
86
79
85
46
95
89
75
97
49
38
61
40
70
78
10
28
21
87
38
15
38
53
24
42
8
72
98
44
27
92
11
31
74
13
23
28
92
17
73
58
32
20
92
52
3
56
53
7
7
85
7
64
17
45
3
55
69
72
99
14
98
94
6
94
75
99
42
70
13
20
71
88
98
94
81
74
5
15
46
2
91
71
32
94
100
84
97
25
58
13
26
23
85
36
84
29
95
75
77
89
64
24
24
52
24
5
88
20
82
61
60
59
13
85
92
67
70
63
21
47
47
7
49
22
83
58
72
11
36
79
83
63
67
55
32
80
98
86
32
80
98
17
5
39
82
18
7
41
79
20
90
29
21
50
53
99
60
98
56
84
51
69
57
52
66
25
43
22
21
49
3
62
59
4
15
76
82
28
52
59
45
44
92
52
87
78
98
41
36
9
11
62
39
90
49
46
96
61
27
86
56
90
16
40
98
61
22
80
1
74
88
88
28
13
24
94
80
8
97
64
26
52
41
53
32
32
11
39
6
53
70
38
91
85
100
1
79
95
46
74
62
8
17
74
25
23
31
76
3
74
26
47
5
5
80
50
74
97
99
74
4
84
82
73
5
61
26
1
5
98
98
85
85
13
87
31
21
2
91
74
15
32
64
78
3
75
17
54
58
27
93
39
35
89
48
35
76
55
90
35
63
44
100
16
26
94
28
49
82
27
53
49
73
55
6
78
1
71
84
24
86
20
90
44
68
22
9
68
63
80
18
94
4
17
36
62
61
27
9
48
7
45
96
23
83
74
32
22
2
41
39
6
96
100
19
15
13
81
55
57
82
93
98
98
55
98
22
11
72
49
24
5
92
21
14
8
13
89
76
98
100
55
87
86
53
65
21
61
99
80
49
99
53
32
86
44
9
13
83
70
96
0
36
64
6
56
33
48
47
97
63
1
93
2
89
41
9
100
53
49
68
62
25
32
32
17
72
47
47
10
96
39
31
47
78
92
58
36
71
39
20
72
14
62
42
10
15
57
6
99
27
59
61
96
84
63
13
28
3
24
86
20
27
27
93
79
100
94
99
82
4
3
22
21
82
84
96
58
4
42
5
48
49
10
69
5
40
57
26
58
49
70
6
52
36
48
50
53
85
23
46
45
98
17
75
2
33
62
32
98
88
97
38
4
61
8
64
30
68
99
38
79
20
53
56
56
97
21
24
79
89
42
49
64
11
98
35
53
29
71
42
36
10
20
14
92
81
44
11
59
94
24
72
99
15
76
61
64
75
85
11
87
82
69
35
98
39
57
44
88
79
2
40
70
82
73
76
25
97
86
2
79
78
72
61
85
24
35
57
68
5
87
88
72
83
11
28
25
52
68
60
60
8
81
44
7
80
84
77
69
47
78
21
49
47
48
80
36
91
92
32
16
99
65
24
70
3
58
83
15
42
26
87
24
49
65
72
83
60
48
62
1
50
14
81
50
95
57
20
64
2
28
22
16
23
86
64
41
69
10
64
4
40
40
25
64
75
1
4
62
89
59
2
34
7
97
56
24
91
70
47
72
5
14
99
84
13
89
88
77
73
38
16
18
